1 1
2 2
3 3
4 4
5 5
6 6
7 7
8 8
9 9
10 2
11 2
12 3
13 4
14 5
15 6
16 7
17 8
18 9
19 2
20 4
21 3
22 4
23 5
24 6
25 7
26 8
27 9
28 2
29 2
30 6
31 4
32 5
33 6
34 7
35 8
36 9
37 2
38 2
39 3
40 8
41 5
42 6
43 7
44 8
45 9
46 2
47 2
48 3
49 4
50 2
51 6
52 7
53 8
54 9
55 2
56 2
57 3
58 4
59 5
60 3
61 7
62 8
63 9
64 2
65 2
66 3
67 4
68 5
69 6
70 5
71 8
72 9
73 2
74 2
75 3
76 4
77 5
78 6
79 7
80 7
81 9
82 2
83 2
84 3
85 4
86 5
87 6
88 7
89 8
90 9
91 2
92 2
93 3
94 4
95 5
96 6
97 7
98 8
99 9
100 3
101 3
102 4
103 5
104 6
105 7
106 8
107 9
108 2
109 4
110 3
111 3
112 4
113 5
114 6
115 7
116 8
117 9
118 2
119 2
120 5
121 4
122 5
123 6
124 7
125 8
126 9
127 2
128 2
129 3
130 7
131 5
132 6
133 7
134 8
135 9
136 2
137 2
138 3
139 4
140 9
141 6
142 7
143 8
144 9
145 2
146 2
147 3
148 4
149 5
150 4
151 7
152 8
153 9
154 2
155 2
156 3
157 4
158 5
159 6
160 4
161 8
162 9
163 2
164 2
165 3
166 4
167 5
168 6
169 7
170 6
171 9
172 2
173 2
174 3
175 4
176 5
177 6
178 7
179 8
180 8
181 2
182 2
183 3
184 4
185 5
186 6
187 7
188 8
189 9
190 2
191 2
192 3
193 4
194 5
195 6
196 7
197 8
198 9
199 2
200 6
201 5
202 6
203 7
204 8
205 9
206 2
207 4
208 3
209 4
210 4
211 4
212 5
213 6
214 7
215 8
216 9
217 2
218 2
219 3
220 6
221 5
222 6
223 7
224 8
225 9
226 2
227 2
228 3
229 4
230 8
231 6
232 7
233 8
234 9
235 2
236 2
237 3
238 4
239 5
240 2
241 7
242 8
243 9
244 2
245 2
246 3
247 4
248 5
249 6
250 3
251 8
252 9
253 2
254 2
255 3
256 4
257 5
258 6
259 7
260 5
261 9
262 2
263 2
264 3
265 4
266 5
267 6
268 7
269 8
270 7
271 2
272 2
273 3
274 4
275 5
276 6
277 7
278 8
279 9
280 9
281 2
282 3
283 4
284 5
285 6
286 7
287 8
288 9
289 2
290 2
291 3
292 4
293 5
294 6
295 7
296 8
297 9
298 2
299 4
300 9
301 7
302 8
303 9
304 2
305 4
306 3
307 4
308 5
309 6
310 5
311 5
312 6
313 7
314 8
315 9
316 2
317 2
318 3
319 4
320 7
321 6
322 7
323 8
324 9
325 2
326 2
327 3
328 4
329 5
330 9
331 7
332 8
333 9
334 2
335 2
336 3
337 4
338 5
339 6
340 4
341 8
342 9
343 2
344 2
345 3
346 4
347 5
348 6
349 7
350 4
351 9
352 2
353 2
354 3
355 4
356 5
357 6
358 7
359 8
360 6
361 2
362 2
363 3
364 4
365 5
366 6
367 7
368 8
369 9
370 8
371 2
372 3
373 4
374 5
375 6
376 7
377 8
378 9
379 2
380 2
381 3
382 4
383 5
384 6
385 7
386 8
387 9
388 2
389 4
390 6
391 4
392 5
393 6
394 7
395 8
396 9
397 2
398 4
399 3
400 6
401 9
402 2
403 4
404 3
405 4
406 5
407 6
408 7
409 8
410 6
411 6
412 7
413 8
414 9
415 2
416 2
417 3
418 4
419 5
420 8
421 7
422 8
423 9
424 2
425 2
426 3
427 4
428 5
429 6
430 2
431 8
432 9
433 2
434 2
435 3
436 4
437 5
438 6
439 7
440 3
441 9
442 2
443 2
444 3
445 4
446 5
447 6
448 7
449 8
450 5
451 2
452 2
453 3
454 4
455 5
456 6
457 7
458 8
459 9
460 7
461 2
462 3
463 4
464 5
465 6
466 7
467 8
468 9
469 2
470 9
471 3
472 4
473 5
474 6
475 7
476 8
477 9
478 2
479 4
480 2
481 4
482 5
483 6
484 7
485 8
486 9
487 2
488 4
489 3
490 4
491 5
492 6
493 7
494 8
495 9
496 2
497 4
498 3
499 4
500 6
501 4
502 3
503 4
504 5
505 6
506 7
507 8
508 9
509 2
510 7
511 7
512 8
513 9
514 2
515 2
516 3
517 4
518 5
519 6
520 9
521 8
522 9
523 2
524 2
525 3
526 4
527 5
528 6
529 7
530 4
531 9
532 2
533 2
534 3
535 4
536 5
537 6
538 7
539 8
540 4
541 2
542 2
543 3
544 4
545 5
546 6
547 7
548 8
549 9
550 6
551 2
552 3
553 4
554 5
555 6
556 7
557 8
558 9
559 2
560 8
561 3
562 4
563 5
564 6
565 7
566 8
567 9
568 2
569 4
570 2
571 4
572 5
573 6
574 7
575 8
576 9
577 2
578 4
579 3
580 6
581 5
582 6
583 7
584 8
585 9
586 2
587 4
588 3
589 4
590 5
591 6
592 7
593 8
594 9
595 2
596 4
597 3
598 4
599 5
600 9
601 4
602 5
603 6
604 7
605 8
606 9
607 2
608 2
609 6
610 8
611 8
612 9
613 2
614 2
615 3
616 4
617 5
618 6
619 7
620 2
621 9
622 2
623 2
624 3
625 4
626 5
627 6
628 7
629 8
630 3
631 2
632 2
633 3
634 4
635 5
636 6
637 7
638 8
639 9
640 5
641 2
642 3
643 4
644 5
645 6
646 7
647 8
648 9
649 2
650 7
651 3
652 4
653 5
654 6
655 7
656 8
657 9
658 2
659 4
660 9
661 4
662 5
663 6
664 7
665 8
666 9
667 2
668 4
669 3
670 2
671 5
672 6
673 7
674 8
675 9
676 2
677 4
678 3
679 4
680 4
681 6
682 7
683 8
684 9
685 2
686 4
687 3
688 4
689 5
690 6
691 7
692 8
693 9
694 2
695 4
696 3
697 4
698 5
699 6
700 3
701 6
702 7
703 8
704 9
705 2
706 2
707 6
708 4
709 5
710 9
711 9
712 2
713 2
714 3
715 4
716 5
717 6
718 7
719 8
720 4
721 2
722 2
723 3
724 4
725 5
726 6
727 7
728 8
729 9
730 4
731 2
732 3
733 4
734 5
735 6
736 7
737 8
738 9
739 2
740 6
741 3
742 4
743 5
744 6
745 7
746 8
747 9
748 2
749 4
750 8
751 4
752 5
753 6
754 7
755 8
756 9
757 2
758 4
759 3
760 2
761 5
762 6
763 7
764 8
765 9
766 2
767 4
768 3
769 4
770 6
771 6
772 7
773 8
774 9
775 2
776 4
777 3
778 4
779 5
780 5
781 7
782 8
783 9
784 2
785 4
786 3
787 4
788 5
789 6
790 7
791 8
792 9
793 2
794 4
795 3
796 4
797 5
798 6
799 7
800 6
801 8
802 9
803 2
804 2
805 6
806 4
807 5
808 6
809 7
810 2
811 2
812 2
813 3
814 4
815 5
816 6
817 7
818 8
819 9
820 3
821 2
822 3
823 4
824 5
825 6
826 7
827 8
828 9
829 2
830 5
831 3
832 4
833 5
834 6
835 7
836 8
837 9
838 2
839 4
840 7
841 4
842 5
843 6
844 7
845 8
846 9
847 2
848 4
849 3
850 9
851 5
852 6
853 7
854 8
855 9
856 2
857 4
858 3
859 4
860 2
861 6
862 7
863 8
864 9
865 2
866 4
867 3
868 4
869 5
870 4
871 7
872 8
873 9
874 2
875 4
876 3
877 4
878 5
879 6
880 6
881 8
882 9
883 2
884 4
885 3
886 4
887 5
888 6
889 7
890 8
891 9
892 2
893 4
894 3
895 4
896 5
897 6
898 7
899 8
900 9
901 2
902 2
903 6
904 4
905 5
906 6
907 7
908 8
909 9
910 4
911 2
912 3
913 4
914 5
915 6
916 7
917 8
918 9
919 2
920 4
921 3
922 4
923 5
924 6
925 7
926 8
927 9
928 2
929 4
930 6
931 4
932 5
933 6
934 7
935 8
936 9
937 2
938 4
939 3
940 8
941 5
942 6
943 7
944 8
945 9
946 2
947 4
948 3
949 4
950 2
951 6
952 7
953 8
954 9
955 2
956 4
957 3
958 4
959 5
960 6
961 7
962 8
963 9
964 2
965 4
966 3
967 4
968 5
969 6
970 5
971 8
972 9
973 2
974 4
975 3
976 4
977 5
978 6
979 7
980 7
981 9
982 2
983 4
984 3
985 4
986 5
987 6
988 7
989 8
990 9
991 2
992 4
993 3
994 4
995 5
996 6
997 7
998 8
999 9
1000 4
1001 4
1002 5
1003 6
1004 7
1005 8
1006 9
1007 2
1008 2
1009 6
1010 4
1011 4
1012 5
1013 6
1014 7
1015 8
1016 9
1017 2
1018 4
1019 3
1020 6
1021 5
1022 6
1023 7
1024 8
1025 9
1026 2
1027 4
1028 3
1029 4
1030 8
1031 6
1032 7
1033 8
1034 9
1035 2
1036 4
1037 3
1038 4
1039 5
1040 2
1041 7
1042 8
1043 9
1044 2
1045 4
1046 3
1047 4
1048 5
1049 6
1050 6
1051 8
1052 9
1053 2
1054 4
1055 3
1056 4
1057 5
1058 6
1059 7
1060 5
1061 9
1062 2
1063 4
1064 3
1065 4
1066 5
1067 6
1068 7
1069 8
1070 7
1071 2
1072 4
1073 3
1074 4
1075 5
1076 6
1077 7
1078 8
1079 9
1080 9
1081 4
1082 3
1083 4
1084 5
1085 6
1086 7
1087 8
1088 9
1089 2
1090 2
1091 3
1092 4
1093 5
1094 6
1095 7
1096 8
1097 9
1098 2
1099 2
1100 4
1101 4
1102 5
1103 6
1104 7
1105 8
1106 9
1107 2
1108 4
1109 3
1110 4
1111 4
1112 5
1113 6
1114 7
1115 8
1116 9
1117 2
1118 2
1119 3
1120 6
1121 5
1122 6
1123 7
1124 8
1125 9
1126 2
1127 2
1128 3
1129 4
1130 8
1131 6
1132 7
1133 8
1134 9
1135 2
1136 2
1137 3
1138 4
1139 5
1140 2
1141 7
1142 8
1143 9
1144 2
1145 2
1146 3
1147 4
1148 5
1149 6
1150 3
1151 8
1152 9
1153 2
1154 2
1155 3
1156 4
1157 5
1158 6
1159 7
1160 5
1161 9
1162 2
1163 2
1164 3
1165 4
1166 5
1167 6
1168 7
1169 8
1170 7
1171 2
1172 2
1173 3
1174 4
1175 5
1176 6
1177 7
1178 8
1179 9
1180 9
1181 2
1182 3
1183 4
1184 5
1185 6
1186 7
1187 8
1188 9
1189 2
1190 2
1191 3
1192 4
1193 5
1194 6
1195 7
1196 8
1197 9
1198 2
1199 4
1200 7
