1 1
2 2
3 3
4 4
5 5
6 6
7 7
8 8
9 9
10 2
11 2
12 3
13 4
14 5
15 6
16 7
17 8
18 9
19 2
20 4
21 3
22 4
23 5
24 6
25 7
26 8
27 9
28 2
29 2
30 6
31 4
32 5
33 6
34 7
35 8
36 9
37 2
38 2
39 3
40 8
41 5
42 6
43 7
44 8
45 9
46 2
47 2
48 3
49 4
50 2
51 6
52 7
53 8
54 9
55 2
56 2
57 3
58 4
59 5
60 3
61 7
62 8
63 9
64 2
65 2
66 3
67 4
68 5
69 6
70 5
71 8
72 9
73 2
74 2
75 3
76 4
77 5
78 6
79 7
80 7
81 9
82 2
83 2
84 3
85 4
86 5
87 6
88 7
89 8
90 9
91 2
92 2
93 3
94 4
95 5
96 6
97 7
98 8
99 9
100 3
101 3
102 4
103 5
104 6
105 7
106 8
107 9
108 2
109 4
110 3
111 3
112 4
113 5
114 6
115 7
116 8
117 9
118 2
119 2
120 5
121 4
122 5
123 6
124 7
125 8
126 9
127 2
128 2
129 3
130 7
131 5
132 6
133 7
134 8
135 9
136 2
137 2
138 3
139 4
140 9
141 6
142 7
143 8
144 9
145 2
146 2
147 3
148 4
149 5
150 4
151 7
152 8
153 9
154 2
155 2
156 3
157 4
158 5
159 6
160 4
161 8
162 9
163 2
164 2
165 3
166 4
167 5
168 6
169 7
170 6
171 9
172 2
173 2
174 3
175 4
176 5
177 6
178 7
179 8
180 8
181 2
182 2
183 3
184 4
185 5
186 6
187 7
188 8
189 9
190 2
191 2
192 3
193 4
194 5
195 6
196 7
197 8
198 9
199 2
200 6
201 5
202 6
203 7
204 8
205 9
206 2
207 4
208 3
209 4
210 4
211 4
212 5
213 6
214 7
215 8
216 9
217 2
218 2
219 3
220 6
221 5
222 6
223 7
224 8
225 9
226 2
227 2
228 3
229 4
230 8
231 6
232 7
233 8
234 9
235 2
236 2
237 3
238 4
239 5
240 2
241 7
242 8
243 9
244 2
245 2
246 3
247 4
248 5
249 6
250 3
251 8
252 9
253 2
254 2
255 3
256 4
257 5
258 6
259 7
260 5
261 9
262 2
263 2
264 3
265 4
266 5
267 6
268 7
269 8
270 7
271 2
272 2
273 3
274 4
275 5
276 6
277 7
278 8
279 9
280 9
281 2
282 3
283 4
284 5
285 6
286 7
287 8
288 9
289 2
290 2
291 3
292 4
293 5
294 6
295 7
296 8
297 9
298 2
299 4
300 9
301 7
302 8
303 9
304 2
305 4
306 3
307 4
308 5
309 6
310 5
311 5
312 6
313 7
314 8
315 9
316 2
317 2
318 3
319 4
320 7
321 6
322 7
323 8
324 9
325 2
326 2
327 3
328 4
329 5
330 9
331 7
332 8
333 9
334 2
335 2
336 3
337 4
338 5
339 6
340 4
341 8
342 9
343 2
344 2
345 3
346 4
347 5
348 6
349 7
350 4
351 9
352 2
353 2
354 3
355 4
356 5
357 6
358 7
359 8
360 6
361 2
362 2
363 3
364 4
365 5
366 6
367 7
368 8
369 9
370 8
371 2
372 3
373 4
374 5
375 6
376 7
377 8
378 9
379 2
380 2
381 3
382 4
383 5
384 6
385 7
386 8
387 9
388 2
389 4
390 6
391 4
392 5
393 6
394 7
395 8
396 9
397 2
398 4
399 3
400 6
401 9
402 2
403 4
404 3
405 4
406 5
407 6
408 7
409 8
410 6
411 6
412 7
413 8
414 9
415 2
416 2
417 3
418 4
419 5
420 8
421 7
422 8
423 9
424 2
425 2
426 3
427 4
428 5
429 6
430 2
431 8
432 9
433 2
434 2
435 3
436 4
437 5
438 6
439 7
440 3
441 9
442 2
443 2
444 3
445 4
446 5
447 6
448 7
449 8
450 5
451 2
452 2
453 3
454 4
455 5
456 6
457 7
458 8
459 9
460 7
461 2
462 3
463 4
464 5
465 6
466 7
467 8
468 9
469 2
470 9
471 3
472 4
473 5
474 6
475 7
476 8
477 9
478 2
479 4
480 2
481 4
482 5
483 6
484 7
485 8
486 9
487 2
488 4
489 3
490 4
491 5
492 6
493 7
494 8
495 9
496 2
497 4
498 3
499 4
500 6
